[gd_scene format=3 uid="uid://dncyona1wwo7t"]

[ext_resource type="Script" uid="uid://btmurl6hr70wb" path="res://scenes/register/gui_panel.gd" id="1_kkv0r"]
[ext_resource type="PackedScene" uid="uid://mrtd5mmlpikj" path="res://scenes/register/UI/register_ui.tscn" id="2_p3tx3"]
[ext_resource type="PackedScene" uid="uid://0c8jn5gxq0sg" path="res://assets/Caisse/register.tscn" id="3_x2pcn"]

[sub_resource type="BoxShape3D" id="BoxShape3D_xsa4e"]
size = Vector3(1.4564819, 0.85191345, 0.7336502)

[sub_resource type="ViewportTexture" id="ViewportTexture_p3tx3"]
viewport_path = NodePath("SubViewport")

[sub_resource type="StandardMaterial3D" id="StandardMaterial3D_qxpxu"]
resource_local_to_scene = true
albedo_texture = SubResource("ViewportTexture_p3tx3")

[sub_resource type="QuadMesh" id="QuadMesh_x2pcn"]
resource_local_to_scene = true
material = SubResource("StandardMaterial3D_qxpxu")
size = Vector2(0.81, 0.46)

[sub_resource type="BoxShape3D" id="BoxShape3D_p3tx3"]
size = Vector3(0.80426025, 0.46081543, 0.0043640137)

[node name="GuiPanel" type="Area3D" unique_id=1445039458]
collision_layer = 4
collision_mask = 0
script = ExtResource("1_kkv0r")

[node name="SubViewport" type="SubViewport" parent="." unique_id=1926952940]
size = Vector2i(768, 512)

[node name="Register_ui" parent="SubViewport" unique_id=868736794 instance=ExtResource("2_p3tx3")]

[node name="CollisionShape3D" type="CollisionShape3D" parent="." unique_id=636814915]
transform = Transform3D(1, 0, 0, 0, 0.99999994, 0, 0, 0, 0.99999994, 0.057769775, 0.32781217, -0.0025520322)
shape = SubResource("BoxShape3D_xsa4e")

[node name="MeshInstance3D" type="MeshInstance3D" parent="." unique_id=283633870]
transform = Transform3D(1, 0, 0, 0, 0.9200268, 0.39185545, 0, -0.39185545, 0.9200268, 0.3233256, 0.5013459, 0.02765267)
mesh = SubResource("QuadMesh_x2pcn")

[node name="Area3D" type="Area3D" parent="." unique_id=988054875]
transform = Transform3D(1, 0, 0, 0, 0.9200268, 0.39185545, 0, -0.39185545, 0.9200268, 0.3233256, 0.5013459, 0.02765267)

[node name="CollisionShape3D" type="CollisionShape3D" parent="Area3D" unique_id=1202598257]
transform = Transform3D(1, 0, 0, 0, 1, 0, 0, 0, 1, 0.00033569336, -0.003479004, 0.0061798096)
shape = SubResource("BoxShape3D_p3tx3")

[node name="Caisse" parent="." unique_id=1610126103 instance=ExtResource("3_x2pcn")]

[node name="CameraPlacement" type="Marker3D" parent="." unique_id=1842721322]
unique_name_in_owner = true
transform = Transform3D(1, 0, 0, 0, 0.9109718, 0.41246858, 0, -0.41246858, 0.9109718, 0.32935816, 0.6816964, 0.42830873)
